107 18.3 66.1
45 21.18 157.5
54 24.33 81.48
67 25.46 80.12
119 27.57 82.27
103 29.23 98.33
47 29.45 95.21
79 29.57 90.04
6 30.16 97.44
51 30.22 81.4
70 30.42 88.03
35 31.46 106.29
109 32.05 81.05
50 32.2 90.12
71 32.21 86.18
16 32.26 104.15
111 32.28 93.42
34 32.38 115.33
104 32.42 117.1
39 32.43 97.19
26 32.46 96.46
17 32.47 79.56
87 33.29 112.04
10 33.3 86.5
5 33.45 84.23
62 33.46 118.11
24 34 81.02
63 34.03 118.15
128 34.14 77.57
46 34.31 93.03
2 35.05 106.39
66 35.09 90.03
3 35.11 101.5
38 35.13 111.41
19 35.14 80.5
83 35.26 97.28
108 35.41 105.57
94 35.46 78.39
57 35.57 83.56
122 36.09 95.59
58 36.1 115.12
75 36.1 86.47
40 36.44 119.48
125 36.51 75.58
117 37.13 93.17
98 37.17 79.57
106 37.2 121.53
97 37.33 77.29
127 37.43 97.17
105 37.47 122.26
82 37.48 122.16
64 38.15 85.46
18 38.21 81.38
99 38.35 121.3
101 38.35 90.12
96 38.46 112.05
126 38.53 77.02
41 39.05 108.33
53 39.06 94.35
22 39.08 84.3
8 39.18 76.38
95 39.3 119.49
27 39.45 105
49 39.46 86.1
115 39.48 89.38
86 39.57 75.1
25 40 83.01
89 40.27 79.57
77 40.44 74.1
102 40.46 111.54
80 40.47 73.58
60 40.5 96.4
20 41.09 104.52
84 41.15 95.56
78 41.19 72.55
23 41.28 81.37
28 41.35 93.37
120 41.39 83.33
21 41.5 87.37
92 41.5 71.24
116 42.06 72.34
56 42.1 121.44
29 42.2 83.03
13 42.21 71.05
30 42.31 90.4
1 42.4 73.45
14 42.55 78.5
42 42.58 85.4
65 43 71.3
61 43.02 81.34
68 43.02 87.55
118 43.02 76.08
48 43.3 112.01
112 43.33 96.44
12 43.36 116.13
90 43.4 70.15
121 43.4 79.24
36 44.03 123.05
55 44.15 76.3
72 44.15 72.32
88 44.22 100.21
7 44.47 117.5
9 44.48 68.47
32 44.54 67
69 44.59 93.14
100 45.18 66.1
85 45.24 75.43
73 45.3 73.35
91 45.31 122.41
59 46.24 117.02
44 46.35 112.02
11 46.48 100.47
31 46.49 92.05
93 46.49 71.11
37 46.52 96.48
110 47.37 122.2
114 47.4 117.26
124 48.25 123.21
43 48.33 109.43
123 49.13 123.06
76 49.3 117.17
129 49.54 97.07
74 50.37 105.31
15 51.01 114.01
33 53.34 113.28
113 57.1 135.15
52 58.18 134.24
4 61.13 149.54
81 64.25 165.3